14916,	 0.0,	 0.0,	 0.0,	 0.0,	 0.0,	 0.0,	 0.0,	 0.0,	 -1.354,	 0.0,	 9.247,	 0.0,	 0.991,	 -0.0,	 -6.737,	 0.0	 
14916,	 0.0,	 0.0,	 0.0,	 0.0,	 0.0,	 0.0,	 0.0,	 0.0,	 1.72,	 -4.876,	 3.396,	 8.756,	 -1.258,	 3.566,	 -2.458,	 -6.373	 
14916,	 0.0,	 0.0,	 0.0,	 0.0,	 0.0,	 0.0,	 0.0,	 0.0,	 -0.487,	 1.315,	 -0.877,	 8.782,	 0.337,	 -0.961,	 0.668,	 -6.36	 
14916,	 0.0,	 0.0,	 0.0,	 0.0,	 0.0,	 0.0,	 0.0,	 0.0,	 0.159,	 -0.437,	 0.176,	 8.782,	 -0.096,	 0.251,	 -0.184,	 -6.36	 
14916,	 0.0,	 0.0,	 0.0,	 0.0,	 0.0,	 0.0,	 0.0,	 0.0,	 -0.038,	 0.136,	 -0.185,	 8.64,	 0.027,	 -0.096,	 0.002,	 -6.386	 
16473,	 0.0,	 0.0,	 0.0,	 0.0,	 0.0,	 0.0,	 0.0,	 0.0,	 0.134,	 -0.0,	 -0.247,	 8.549,	 -0.098,	 0.0,	 0.023,	 -6.477	 
16473,	 0.0,	 0.0,	 0.0,	 0.0,	 0.0,	 0.0,	 0.0,	 0.0,	 -0.73,	 0.482,	 0.332,	 8.484,	 0.642,	 -0.354,	 -0.402,	 -6.619	 
16473,	 0.0,	 0.0,	 0.0,	 0.0,	 0.0,	 0.0,	 0.0,	 0.0,	 1.054,	 -2.145,	 -1.663,	 8.316,	 -0.963,	 1.957,	 1.521,	 -6.503	 
16473,	 0.0,	 0.0,	 0.0,	 0.0,	 0.0,	 0.0,	 0.0,	 0.0,	 -0.493,	 1.648,	 -2.26,	 5.052,	 0.451,	 -1.51,	 2.058,	 -3.523	 
16473,	 0.0,	 0.0,	 0.0,	 0.0,	 0.0,	 0.0,	 0.0,	 0.0,	 0.036,	 -0.129,	 -0.437,	 3.86,	 -0.032,	 0.114,	 0.384,	 -2.448	 
17373,	 0.0,	 0.0,	 0.0,	 0.0,	 0.0,	 0.0,	 0.0,	 0.0,	 0.053,	 0.0,	 -0.379,	 3.212,	 -0.053,	 0.0,	 0.367,	 -1.878	 
17373,	 0.0,	 0.0,	 0.0,	 0.0,	 0.0,	 0.0,	 0.0,	 0.0,	 -0.063,	 0.191,	 -0.149,	 2.85,	 0.054,	 -0.19,	 0.14,	 -1.528	 
17373,	 0.0,	 0.0,	 0.0,	 0.0,	 0.0,	 0.0,	 0.0,	 0.0,	 0.013,	 -0.037,	 0.036,	 2.837,	 0.01,	 0.004,	 -0.083,	 -1.541	 
17373,	 0.0,	 0.0,	 0.0,	 0.0,	 0.0,	 0.0,	 0.0,	 0.0,	 0.042,	 0.01,	 0.004,	 2.85,	 -0.055,	 0.038,	 -0.032,	 -1.619	 
17374,	 0.0,	 0.0,	 0.0,	 0.0,	 0.0,	 0.0,	 0.0,	 0.0,	 -0.044,	 0.159,	 0.207,	 2.94,	 0.044,	 -0.158,	 -0.176,	 -1.697	 
18273,	 0.0,	 0.0,	 0.0,	 0.0,	 0.0,	 0.0,	 0.0,	 0.0,	 -0.085,	 0.0,	 0.662,	 3.342,	 0.116,	 0.0,	 -0.859,	 -2.06	 
18273,	 0.0,	 0.0,	 0.0,	 0.0,	 0.0,	 0.0,	 0.0,	 0.0,	 0.071,	 -0.305,	 0.296,	 3.99,	 -0.118,	 0.419,	 -0.355,	 -2.889	 
18273,	 0.0,	 0.0,	 0.0,	 0.0,	 0.0,	 0.0,	 0.0,	 0.0,	 0.041,	 -0.049,	 -0.129,	 4.028,	 -0.021,	 -0.004,	 0.143,	 -2.915	 
18273,	 0.0,	 0.0,	 0.0,	 0.0,	 0.0,	 0.0,	 0.0,	 0.0,	 0.028,	 0.098,	 -0.071,	 3.873,	 -0.045,	 -0.08,	 0.042,	 -2.785	 
18273,	 0.0,	 0.0,	 0.0,	 0.0,	 0.0,	 0.0,	 0.0,	 0.0,	 -0.055,	 0.198,	 0.284,	 3.977,	 0.068,	 -0.243,	 -0.345,	 -2.927	 
19168,	 0.0,	 0.0,	 0.0,	 0.0,	 0.0,	 0.0,	 0.0,	 0.0,	 -0.117,	 0.0,	 0.773,	 4.508,	 0.203,	 0.0,	 -1.75,	 -3.575	 
19168,	 0.0,	 0.0,	 0.0,	 0.0,	 0.0,	 0.0,	 0.0,	 0.0,	 0.127,	 -0.421,	 0.268,	 5.233,	 -0.223,	 0.732,	 -0.871,	 -5.324	 
19168,	 0.0,	 0.0,	 0.0,	 0.0,	 0.0,	 0.0,	 0.0,	 0.0,	 0.02,	 0.037,	 -0.193,	 5.168,	 0.012,	 -0.069,	 -0.075,	 -5.699	 
19168,	 0.0,	 0.0,	 0.0,	 0.0,	 0.0,	 0.0,	 0.0,	 0.0,	 -0.007,	 0.111,	 -0.015,	 5.026,	 -0.014,	 -0.025,	 -0.188,	 -5.868	 
19168,	 0.0,	 0.0,	 0.0,	 0.0,	 0.0,	 0.0,	 0.0,	 0.0,	 -0.024,	 0.087,	 0.222,	 5.155,	 0.021,	 -0.075,	 -0.307,	 -6.153	 
20068,	 0.0,	 0.0,	 0.0,	 0.0,	 0.0,	 0.0,	 0.0,	 0.0,	 -0.051,	 -0.0,	 -0.1,	 5.505,	 0.086,	 0.0,	 -0.254,	 -6.593	 
20068,	 0.0,	 0.0,	 0.0,	 0.0,	 0.0,	 0.0,	 0.0,	 0.0,	 0.074,	 -0.183,	 -0.319,	 5.298,	 -0.116,	 0.31,	 0.118,	 -6.749	 
20068,	 0.0,	 0.0,	 0.0,	 0.0,	 0.0,	 0.0,	 0.0,	 0.0,	 0.024,	 0.084,	 -0.438,	 4.78,	 0.01,	 -0.107,	 0.363,	 -6.36	 
20068,	 0.0,	 0.0,	 0.0,	 0.0,	 0.0,	 0.0,	 0.0,	 0.0,	 -0.02,	 0.17,	 -0.133,	 4.417,	 0.01,	 -0.072,	 0.148,	 -6.062	 
20068,	 0.0,	 0.0,	 0.0,	 0.0,	 0.0,	 0.0,	 0.0,	 0.0,	 -0.028,	 0.099,	 0.191,	 4.469,	 0.01,	 -0.036,	 0.018,	 -5.972	 
20967,	 0.0,	 0.0,	 0.0,	 0.0,	 0.0,	 0.0,	 0.0,	 0.0,	 -0.052,	 0.0,	 0.118,	 4.793,	 0.001,	 -0.0,	 0.053,	 -5.984	 
20967,	 0.0,	 0.0,	 0.0,	 0.0,	 0.0,	 0.0,	 0.0,	 0.0,	 0.059,	 -0.188,	 -0.107,	 4.845,	 -0.004,	 0.003,	 0.056,	 -5.92	 
20967,	 0.0,	 0.0,	 0.0,	 0.0,	 0.0,	 0.0,	 0.0,	 0.0,	 0.028,	 0.023,	 -0.305,	 4.547,	 0.008,	 -0.012,	 0.046,	 -5.855	 
20967,	 0.0,	 0.0,	 0.0,	 0.0,	 0.0,	 0.0,	 0.0,	 0.0,	 0.017,	 0.123,	 -0.13,	 4.262,	 -0.021,	 0.018,	 0.052,	 -5.803	 
20967,	 0.0,	 0.0,	 0.0,	 0.0,	 0.0,	 0.0,	 0.0,	 0.0,	 -0.051,	 0.185,	 0.241,	 4.313,	 0.016,	 -0.058,	 0.004,	 -5.751	 
22023,	 0.0,	 0.0,	 0.0,	 0.0,	 0.0,	 0.0,	 0.0,	 0.0,	 -0.034,	 -0.0,	 -0.037,	 4.78,	 0.01,	 -0.0,	 -0.014,	 -5.803	 
22023,	 0.0,	 0.0,	 0.0,	 0.0,	 0.0,	 0.0,	 0.0,	 0.0,	 0.065,	 -0.123,	 -0.184,	 4.676,	 -0.019,	 0.036,	 0.028,	 -5.803	 
22023,	 0.0,	 0.0,	 0.0,	 0.0,	 0.0,	 0.0,	 0.0,	 0.0,	 0.027,	 0.113,	 -0.196,	 4.391,	 -0.007,	 -0.034,	 0.03,	 -5.751	 
22023,	 0.0,	 0.0,	 0.0,	 0.0,	 0.0,	 0.0,	 0.0,	 0.0,	 -0.085,	 0.211,	 0.192,	 4.365,	 0.034,	 -0.061,	 -0.084,	 -5.777	 
22023,	 0.0,	 0.0,	 0.0,	 0.0,	 0.0,	 0.0,	 0.0,	 0.0,	 0.026,	 -0.093,	 0.334,	 4.754,	 -0.017,	 0.062,	 -0.082,	 -5.907	 
22921,	 0.0,	 0.0,	 0.0,	 0.0,	 0.0,	 0.0,	 0.0,	 0.0,	 -0.0,	 0.0,	 -0.194,	 5.065,	 0.001,	 -0.0,	 -0.044,	 -5.946	 
22921,	 0.0,	 0.0,	 0.0,	 0.0,	 0.0,	 0.0,	 0.0,	 0.0,	 -0.007,	 -0.0,	 -0.195,	 4.832,	 0.011,	 0.003,	 -0.041,	 -5.997	 
22921,	 0.0,	 0.0,	 0.0,	 0.0,	 0.0,	 0.0,	 0.0,	 0.0,	 0.043,	 -0.025,	 -0.226,	 4.585,	 -0.029,	 0.042,	 0.013,	 -6.023	 
22921,	 0.0,	 0.0,	 0.0,	 0.0,	 0.0,	 0.0,	 0.0,	 0.0,	 0.008,	 0.129,	 -0.101,	 4.352,	 0.014,	 -0.061,	 -0.011,	 -5.997	 
22921,	 0.0,	 0.0,	 0.0,	 0.0,	 0.0,	 0.0,	 0.0,	 0.0,	 -0.044,	 0.157,	 0.242,	 4.43,	 0.003,	 -0.012,	 -0.099,	 -6.075	 
23815,	 0.0,	 0.0,	 0.0,	 0.0,	 0.0,	 0.0,	 0.0,	 0.0,	 -0.08,	 0.0,	 0.32,	 4.87,	 0.022,	 0.0,	 -0.129,	 -6.205	 
23815,	 0.0,	 0.0,	 0.0,	 0.0,	 0.0,	 0.0,	 0.0,	 0.0,	 0.101,	 -0.288,	 -0.026,	 5.117,	 -0.042,	 0.079,	 -0.034,	 -6.321	 
23815,	 0.0,	 0.0,	 0.0,	 0.0,	 0.0,	 0.0,	 0.0,	 0.0,	 -0.031,	 0.074,	 -0.283,	 4.845,	 0.027,	 -0.073,	 -0.027,	 -6.321	 
23815,	 0.0,	 0.0,	 0.0,	 0.0,	 0.0,	 0.0,	 0.0,	 0.0,	 0.112,	 -0.036,	 -0.237,	 4.56,	 -0.044,	 0.025,	 -0.085,	 -6.412	 
23815,	 0.0,	 0.0,	 0.0,	 0.0,	 0.0,	 0.0,	 0.0,	 0.0,	 -0.102,	 0.367,	 0.16,	 4.417,	 0.037,	 -0.134,	 -0.216,	 -6.554	 
25016,	 0.0,	 0.0,	 0.0,	 0.0,	 0.0,	 0.0,	 0.0,	 0.0,	 -0.203,	 0.0,	 0.886,	 4.961,	 0.24,	 -0.0,	 -1.436,	 -6.943	 
25016,	 0.0,	 0.0,	 0.0,	 0.0,	 0.0,	 0.0,	 0.0,	 0.0,	 0.361,	 -0.73,	 0.01,	 5.674,	 -0.331,	 0.864,	 -0.399,	 -8.251	 
25016,	 0.0,	 0.0,	 0.0,	 0.0,	 0.0,	 0.0,	 0.0,	 0.0,	 -0.2,	 0.571,	 -0.181,	 5.259,	 0.101,	 -0.326,	 0.246,	 -8.057	 
25016,	 0.0,	 0.0,	 0.0,	 0.0,	 0.0,	 0.0,	 0.0,	 0.0,	 0.013,	 -0.15,	 0.324,	 5.518,	 -0.005,	 0.037,	 -0.101,	 -8.057	 
25016,	 0.0,	 0.0,	 0.0,	 0.0,	 0.0,	 0.0,	 0.0,	 0.0,	 0.029,	 -0.104,	 0.018,	 5.712,	 -0.005,	 0.018,	 -0.036,	 -8.135	 
26068,	 0.0,	 0.0,	 0.0,	 0.0,	 0.0,	 0.0,	 0.0,	 0.0,	 0.104,	 0.0,	 -0.917,	 5.635,	 -0.021,	 0.0,	 0.073,	 -8.161	 
26068,	 0.0,	 0.0,	 0.0,	 0.0,	 0.0,	 0.0,	 0.0,	 0.0,	 -0.072,	 0.376,	 -0.466,	 4.715,	 0.022,	 -0.075,	 -0.017,	 -8.109	 
26068,	 0.0,	 0.0,	 0.0,	 0.0,	 0.0,	 0.0,	 0.0,	 0.0,	 -0.017,	 0.115,	 0.124,	 4.573,	 0.01,	 0.003,	 -0.103,	 -8.199	 
26068,	 0.0,	 0.0,	 0.0,	 0.0,	 0.0,	 0.0,	 0.0,	 0.0,	 -0.062,	 0.054,	 0.327,	 4.858,	 -0.022,	 0.037,	 -0.056,	 -8.303	 
26068,	 0.0,	 0.0,	 0.0,	 0.0,	 0.0,	 0.0,	 0.0,	 0.0,	 0.047,	 -0.169,	 0.189,	 5.22,	 0.012,	 -0.043,	 -0.063,	 -8.355	 
26971,	 0.0,	 0.0,	 0.0,	 0.0,	 0.0,	 0.0,	 0.0,	 0.0,	 0.002,	 -0.0,	 -0.23,	 5.285,	 0.031,	 0.0,	 -0.303,	 -8.472	 
26971,	 0.0,	 0.0,	 0.0,	 0.0,	 0.0,	 0.0,	 0.0,	 0.0,	 0.01,	 0.009,	 -0.22,	 5.013,	 -0.049,	 0.111,	 -0.17,	 -8.782	 
26971,	 0.0,	 0.0,	 0.0,	 0.0,	 0.0,	 0.0,	 0.0,	 0.0,	 0.031,	 0.046,	 -0.154,	 4.78,	 0.061,	 -0.066,	 -0.116,	 -8.912	 
26971,	 0.0,	 0.0,	 0.0,	 0.0,	 0.0,	 0.0,	 0.0,	 0.0,	 -0.028,	 0.157,	 0.09,	 4.715,	 -0.051,	 0.152,	 -0.012,	 -9.041	 
26971,	 0.0,	 0.0,	 0.0,	 0.0,	 0.0,	 0.0,	 0.0,	 0.0,	 -0.015,	 0.055,	 0.344,	 5.0,	 0.009,	 -0.031,	 0.133,	 -8.925	 
27870,	 0.0,	 0.0,	 0.0,	 0.0,	 0.0,	 0.0,	 0.0,	 0.0,	 -0.063,	 -0.0,	 0.155,	 5.466,	 -0.011,	 -0.0,	 -0.049,	 -8.795	 
27871,	 0.0,	 0.0,	 0.0,	 0.0,	 0.0,	 0.0,	 0.0,	 0.0,	 0.089,	 -0.226,	 -0.116,	 5.544,	 0.01,	 -0.039,	 -0.096,	 -8.873	 
27871,	 0.0,	 0.0,	 0.0,	 0.0,	 0.0,	 0.0,	 0.0,	 0.0,	 0.008,	 0.093,	 -0.275,	 5.233,	 0.01,	 -0.004,	 -0.149,	 -9.028	 
27871,	 0.0,	 0.0,	 0.0,	 0.0,	 0.0,	 0.0,	 0.0,	 0.0,	 -0.016,	 0.123,	 -0.016,	 5.052,	 0.005,	 0.03,	 -0.118,	 -9.197	 
27871,	 0.0,	 0.0,	 0.0,	 0.0,	 0.0,	 0.0,	 0.0,	 0.0,	 -0.018,	 0.064,	 0.208,	 5.181,	 -0.013,	 0.046,	 -0.026,	 -9.288	 
28769,	 0.0,	 0.0,	 0.0,	 0.0,	 0.0,	 0.0,	 0.0,	 0.0,	 -0.072,	 -0.0,	 0.212,	 5.492,	 -0.041,	 0.0,	 0.156,	 -9.275	 
28769,	 0.0,	 0.0,	 0.0,	 0.0,	 0.0,	 0.0,	 0.0,	 0.0,	 0.083,	 -0.26,	 -0.1,	 5.622,	 0.055,	 -0.147,	 -0.021,	 -9.158	 
28769,	 0.0,	 0.0,	 0.0,	 0.0,	 0.0,	 0.0,	 0.0,	 0.0,	 0.017,	 0.04,	 -0.364,	 5.272,	 -0.005,	 0.05,	 -0.138,	 -9.301	 
28769,	 0.0,	 0.0,	 0.0,	 0.0,	 0.0,	 0.0,	 0.0,	 0.0,	 0.029,	 0.101,	 -0.195,	 4.922,	 0.027,	 0.03,	 -0.043,	 -9.404	 
28769,	 0.0,	 0.0,	 0.0,	 0.0,	 0.0,	 0.0,	 0.0,	 0.0,	 -0.057,	 0.204,	 0.171,	 4.883,	 -0.035,	 0.127,	 0.146,	 -9.365	 
29664,	 0.0,	 0.0,	 0.0,	 0.0,	 0.0,	 0.0,	 0.0,	 0.0,	 -0.1,	 0.0,	 0.382,	 5.285,	 -0.057,	 0.0,	 0.288,	 -9.067	 
29664,	 0.0,	 0.0,	 0.0,	 0.0,	 0.0,	 0.0,	 0.0,	 0.0,	 0.134,	 -0.361,	 -0.051,	 5.57,	 0.069,	 -0.206,	 0.04,	 -8.821	 
29664,	 0.0,	 0.0,	 0.0,	 0.0,	 0.0,	 0.0,	 0.0,	 0.0,	 -0.031,	 0.122,	 -0.338,	 5.22,	 -0.01,	 0.043,	 -0.156,	 -8.951	 
29664,	 0.0,	 0.0,	 0.0,	 0.0,	 0.0,	 0.0,	 0.0,	 0.0,	 0.066,	 0.009,	 -0.182,	 4.935,	 0.036,	 0.008,	 -0.095,	 -9.093	 
29664,	 0.0,	 0.0,	 0.0,	 0.0,	 0.0,	 0.0,	 0.0,	 0.0,	 -0.069,	 0.247,	 0.126,	 4.845,	 -0.039,	 0.14,	 0.083,	 -9.132	 
30564,	 0.0,	 0.0,	 0.0,	 0.0,	 0.0,	 0.0,	 0.0,	 0.0,	 -0.097,	 0.0,	 0.452,	 5.233,	 -0.062,	 0.0,	 0.305,	 -8.899	 
30564,	 0.0,	 0.0,	 0.0,	 0.0,	 0.0,	 0.0,	 0.0,	 0.0,	 0.108,	 -0.347,	 0.035,	 5.609,	 0.069,	 -0.222,	 0.038,	 -8.64	 
30564,	 0.0,	 0.0,	 0.0,	 0.0,	 0.0,	 0.0,	 0.0,	 0.0,	 0.033,	 0.041,	 -0.333,	 5.337,	 0.011,	 0.026,	 -0.198,	 -8.795	 
30564,	 0.0,	 0.0,	 0.0,	 0.0,	 0.0,	 0.0,	 0.0,	 0.0,	 -0.006,	 0.158,	 -0.095,	 5.052,	 0.007,	 0.065,	 -0.089,	 -8.977	 
30564,	 0.0,	 0.0,	 0.0,	 0.0,	 0.0,	 0.0,	 0.0,	 0.0,	 -0.038,	 0.136,	 0.258,	 5.155,	 -0.025,	 0.092,	 0.099,	 -8.977	 
31616,	 0.0,	 0.0,	 0.0,	 0.0,	 0.0,	 0.0,	 0.0,	 0.0,	 -0.049,	 0.0,	 0.082,	 5.596,	 -0.033,	 -0.0,	 0.036,	 -8.769	 
31616,	 0.0,	 0.0,	 0.0,	 0.0,	 0.0,	 0.0,	 0.0,	 0.0,	 0.045,	 -0.178,	 -0.132,	 5.609,	 0.035,	 -0.117,	 -0.104,	 -8.782	 
31616,	 0.0,	 0.0,	 0.0,	 0.0,	 0.0,	 0.0,	 0.0,	 0.0,	 0.125,	 -0.017,	 -0.365,	 5.272,	 0.064,	 0.01,	 -0.233,	 -9.016	 
31616,	 0.0,	 0.0,	 0.0,	 0.0,	 0.0,	 0.0,	 0.0,	 0.0,	 -0.186,	 0.434,	 0.136,	 5.026,	 -0.104,	 0.24,	 0.067,	 -9.171	 
31616,	 0.0,	 0.0,	 0.0,	 0.0,	 0.0,	 0.0,	 0.0,	 0.0,	 0.066,	 -0.237,	 0.373,	 5.492,	 0.037,	 -0.134,	 0.194,	 -8.925	 
32522,	 0.0,	 0.0,	 0.0,	 0.0,	 0.0,	 0.0,	 0.0,	 0.0,	 0.003,	 0.0,	 -0.317,	 5.712,	 0.008,	 0.0,	 -0.26,	 -8.821	 
32522,	 0.0,	 0.0,	 0.0,	 0.0,	 0.0,	 0.0,	 0.0,	 0.0,	 0.009,	 0.01,	 -0.305,	 5.337,	 0.006,	 0.028,	 -0.226,	 -9.119	 
32522,	 0.0,	 0.0,	 0.0,	 0.0,	 0.0,	 0.0,	 0.0,	 0.0,	 0.035,	 0.043,	 -0.243,	 5.0,	 0.006,	 0.049,	 -0.133,	 -9.339	 
32522,	 0.0,	 0.0,	 0.0,	 0.0,	 0.0,	 0.0,	 0.0,	 0.0,	 -0.031,	 0.17,	 0.013,	 4.832,	 -0.0,	 0.071,	 0.012,	 -9.417	 
32522,	 0.0,	 0.0,	 0.0,	 0.0,	 0.0,	 0.0,	 0.0,	 0.0,	 -0.016,	 0.059,	 0.288,	 5.039,	 -0.019,	 0.07,	 0.182,	 -9.301	 
33722,	 0.0,	 0.0,	 0.0,	 0.0,	 0.0,	 0.0,	 0.0,	 0.0,	 -0.135,	 -0.0,	 0.238,	 5.44,	 -0.098,	 -0.0,	 0.173,	 -9.016	 
33722,	 0.0,	 0.0,	 0.0,	 0.0,	 0.0,	 0.0,	 0.0,	 0.0,	 0.346,	 -0.487,	 -0.346,	 5.492,	 0.241,	 -0.352,	 -0.249,	 -8.977	 
33722,	 0.0,	 0.0,	 0.0,	 0.0,	 0.0,	 0.0,	 0.0,	 0.0,	 -0.289,	 0.759,	 -0.019,	 4.974,	 -0.194,	 0.517,	 -0.051,	 -9.365	 
33722,	 0.0,	 0.0,	 0.0,	 0.0,	 0.0,	 0.0,	 0.0,	 0.0,	 0.038,	 -0.281,	 0.553,	 5.544,	 0.023,	 -0.179,	 0.355,	 -9.016	 
33722,	 0.0,	 0.0,	 0.0,	 0.0,	 0.0,	 0.0,	 0.0,	 0.0,	 0.04,	 -0.146,	 0.041,	 5.868,	 0.027,	 -0.097,	 0.023,	 -8.808	 
34616,	 0.0,	 0.0,	 0.0,	 0.0,	 0.0,	 0.0,	 0.0,	 0.0,	 0.061,	 -0.0,	 -0.574,	 5.777,	 0.033,	 -0.0,	 -0.404,	 -8.873	 
34616,	 0.0,	 0.0,	 0.0,	 0.0,	 0.0,	 0.0,	 0.0,	 0.0,	 -0.074,	 0.221,	 -0.309,	 5.194,	 -0.031,	 0.12,	 -0.261,	 -9.301	 
34616,	 0.0,	 0.0,	 0.0,	 0.0,	 0.0,	 0.0,	 0.0,	 0.0,	 0.047,	 -0.046,	 -0.099,	 5.013,	 0.016,	 0.007,	 -0.108,	 -9.495	 
34616,	 0.0,	 0.0,	 0.0,	 0.0,	 0.0,	 0.0,	 0.0,	 0.0,	 -0.002,	 0.124,	 -0.006,	 4.909,	 0.011,	 0.066,	 -0.019,	 -9.585	 
34616,	 0.0,	 0.0,	 0.0,	 0.0,	 0.0,	 0.0,	 0.0,	 0.0,	 -0.033,	 0.117,	 0.284,	 5.078,	 -0.029,	 0.105,	 0.186,	 -9.495	 
38815,	 0.0,	 0.0,	 0.0,	 0.0,	 0.0,	 0.0,	 0.0,	 0.0,	 -0.195,	 0.0,	 0.67,	 5.531,	 -0.156,	 0.0,	 0.214,	 -9.171	 
38816,	 0.0,	 0.0,	 0.0,	 0.0,	 0.0,	 0.0,	 0.0,	 0.0,	 0.632,	 -0.703,	 -0.174,	 5.997,	 0.629,	 -0.561,	 -0.459,	 -9.184	 
38816,	 0.0,	 0.0,	 0.0,	 0.0,	 0.0,	 0.0,	 0.0,	 0.0,	 -0.796,	 1.572,	 0.868,	 5.868,	 -0.898,	 1.703,	 0.912,	 -9.456	 
38816,	 0.0,	 0.0,	 0.0,	 0.0,	 0.0,	 0.0,	 0.0,	 0.0,	 0.408,	 -1.294,	 1.202,	 7.798,	 0.647,	 -1.53,	 1.12,	 -7.461	 
38816,	 0.0,	 0.0,	 0.0,	 0.0,	 0.0,	 0.0,	 0.0,	 0.0,	 -0.049,	 0.175,	 -0.14,	 8.083,	 -0.222,	 0.801,	 0.245,	 -7.202	 
39715,	 0.0,	 0.0,	 0.0,	 0.0,	 0.0,	 0.0,	 0.0,	 0.0,	 -0.017,	 0.0,	 0.154,	 8.083,	 0.096,	 -0.0,	 -0.731,	 -6.14	 
39715,	 0.0,	 0.0,	 0.0,	 0.0,	 0.0,	 0.0,	 0.0,	 0.0,	 0.026,	 -0.062,	 0.08,	 8.238,	 -0.148,	 0.344,	 -0.319,	 -6.852	 
39715,	 0.0,	 0.0,	 0.0,	 0.0,	 0.0,	 0.0,	 0.0,	 0.0,	 0.018,	 0.032,	 0.044,	 8.29,	 0.121,	 -0.188,	 -0.132,	 -6.995	 
39715,	 0.0,	 0.0,	 0.0,	 0.0,	 0.0,	 0.0,	 0.0,	 0.0,	 -0.045,	 0.096,	 0.197,	 8.42,	 -0.08,	 0.246,	 -0.062,	 -7.215	 
39715,	 0.0,	 0.0,	 0.0,	 0.0,	 0.0,	 0.0,	 0.0,	 0.0,	 0.018,	 -0.064,	 0.235,	 8.718,	 0.011,	 -0.041,	 0.184,	 -7.073	 
40622,	 0.0,	 0.0,	 0.0,	 0.0,	 0.0,	 0.0,	 0.0,	 0.0,	 -0.088,	 0.0,	 0.548,	 8.938,	 0.054,	 0.0,	 -0.606,	 -6.891	 
40622,	 0.0,	 0.0,	 0.0,	 0.0,	 0.0,	 0.0,	 0.0,	 0.0,	 0.096,	 -0.317,	 0.167,	 9.443,	 -0.028,	 0.193,	 -0.375,	 -7.526	 
40622,	 0.0,	 0.0,	 0.0,	 0.0,	 0.0,	 0.0,	 0.0,	 0.0,	 0.027,	 0.028,	 -0.18,	 9.352,	 -0.07,	 0.092,	 -0.032,	 -7.746	 
40622,	 0.0,	 0.0,	 0.0,	 0.0,	 0.0,	 0.0,	 0.0,	 0.0,	 -0.075,	 0.124,	 0.002,	 9.223,	 0.096,	 -0.158,	 -0.111,	 -7.772	 
40622,	 0.0,	 0.0,	 0.0,	 0.0,	 0.0,	 0.0,	 0.0,	 0.0,	 0.04,	 -0.146,	 -0.024,	 9.275,	 -0.052,	 0.188,	 -0.075,	 -7.966	 
41522,	 0.0,	 0.0,	 0.0,	 0.0,	 0.0,	 0.0,	 0.0,	 0.0,	 0.006,	 0.0,	 -0.17,	 9.106,	 0.058,	 0.0,	 -0.18,	 -7.876	 
41522,	 0.0,	 0.0,	 0.0,	 0.0,	 0.0,	 0.0,	 0.0,	 0.0,	 0.008,	 0.021,	 -0.145,	 8.912,	 -0.191,	 0.208,	 0.069,	 -7.992	 
41522,	 0.0,	 0.0,	 0.0,	 0.0,	 0.0,	 0.0,	 0.0,	 0.0,	 -0.024,	 0.051,	 -0.059,	 8.782,	 0.296,	 -0.481,	 -0.259,	 -7.94	 
41522,	 0.0,	 0.0,	 0.0,	 0.0,	 0.0,	 0.0,	 0.0,	 0.0,	 0.012,	 -0.035,	 -0.04,	 8.744,	 -0.227,	 0.583,	 -0.136,	 -8.433	 
41522,	 0.0,	 0.0,	 0.0,	 0.0,	 0.0,	 0.0,	 0.0,	 0.0,	 -0.002,	 0.009,	 -0.072,	 8.666,	 0.065,	 -0.234,	 0.284,	 -8.148	 
42416,	 0.0,	 0.0,	 0.0,	 0.0,	 0.0,	 0.0,	 0.0,	 0.0,	 0.04,	 0.0,	 -0.122,	 8.588,	 -0.123,	 0.0,	 1.375,	 -8.031	 
42416,	 0.0,	 0.0,	 0.0,	 0.0,	 0.0,	 0.0,	 0.0,	 0.0,	 -0.078,	 0.142,	 0.049,	 8.51,	 0.118,	 -0.441,	 0.845,	 -6.593	 
42416,	 0.0,	 0.0,	 0.0,	 0.0,	 0.0,	 0.0,	 0.0,	 0.0,	 0.039,	 -0.137,	 0.055,	 8.64,	 0.025,	 -0.016,	 0.296,	 -6.01	 
42416,	 0.0,	 0.0,	 0.0,	 0.0,	 0.0,	 0.0,	 0.0,	 0.0,	 -0.033,	 0.002,	 -0.107,	 8.575,	 0.058,	 0.075,	 0.366,	 -5.635	 
42416,	 0.0,	 0.0,	 0.0,	 0.0,	 0.0,	 0.0,	 0.0,	 0.0,	 0.032,	 -0.115,	 -0.242,	 8.394,	 -0.079,	 0.285,	 0.797,	 -4.987	 
43316,	 0.0,	 0.0,	 0.0,	 0.0,	 0.0,	 0.0,	 0.0,	 0.0,	 -0.09,	 0.0,	 0.0,	 7.992,	 -0.173,	 0.0,	 1.599,	 -3.756	 
43316,	 0.0,	 0.0,	 0.0,	 0.0,	 0.0,	 0.0,	 0.0,	 0.0,	 0.188,	 -0.324,	 -0.389,	 7.837,	 0.155,	 -0.624,	 0.85,	 -2.137	 
43316,	 0.0,	 0.0,	 0.0,	 0.0,	 0.0,	 0.0,	 0.0,	 0.0,	 -0.122,	 0.352,	 -0.355,	 7.228,	 0.033,	 -0.066,	 0.021,	 -1.749	 
43316,	 0.0,	 0.0,	 0.0,	 0.0,	 0.0,	 0.0,	 0.0,	 0.0,	 0.03,	 -0.087,	 -0.036,	 7.098,	 0.006,	 0.052,	 0.004,	 -1.762	 
43316,	 0.0,	 0.0,	 0.0,	 0.0,	 0.0,	 0.0,	 0.0,	 0.0,	 -0.006,	 0.022,	 -0.115,	 6.982,	 -0.021,	 0.075,	 0.156,	 -1.671	 
44216,	 0.0,	 0.0,	 0.0,	 0.0,	 0.0,	 0.0,	 0.0,	 0.0,	 0.033,	 0.0,	 -0.328,	 6.865,	 -0.015,	 0.0,	 0.172,	 -1.412	 
44216,	 0.0,	 0.0,	 0.0,	 0.0,	 0.0,	 0.0,	 0.0,	 0.0,	 -0.036,	 0.117,	 -0.187,	 6.528,	 0.014,	 -0.053,	 0.109,	 -1.231	 
44216,	 0.0,	 0.0,	 0.0,	 0.0,	 0.0,	 0.0,	 0.0,	 0.0,	 0.027,	 -0.011,	 -0.059,	 6.412,	 -0.01,	 -0.004,	 0.041,	 -1.153	 
44216,	 0.0,	 0.0,	 0.0,	 0.0,	 0.0,	 0.0,	 0.0,	 0.0,	 -0.013,	 0.087,	 0.033,	 6.373,	 0.027,	 -0.04,	 -0.012,	 -1.127	 
44216,	 0.0,	 0.0,	 0.0,	 0.0,	 0.0,	 0.0,	 0.0,	 0.0,	 -0.011,	 0.039,	 0.185,	 6.516,	 -0.016,	 0.057,	 0.008,	 -1.153	 
45416,	 0.0,	 0.0,	 0.0,	 0.0,	 0.0,	 0.0,	 0.0,	 0.0,	 -0.007,	 0.0,	 -0.088,	 6.775,	 -0.881,	 -0.0,	 6.32,	 -1.088	 
45416,	 0.0,	 0.0,	 0.0,	 0.0,	 0.0,	 0.0,	 0.0,	 0.0,	 0.025,	 -0.024,	 -0.116,	 6.658,	 1.016,	 -3.171,	 2.515,	 4.974	 
45416,	 0.0,	 0.0,	 0.0,	 0.0,	 0.0,	 0.0,	 0.0,	 0.0,	 -0.02,	 0.068,	 -0.063,	 6.528,	 -0.201,	 0.488,	 -0.706,	 5.181	 
45416,	 0.0,	 0.0,	 0.0,	 0.0,	 0.0,	 0.0,	 0.0,	 0.0,	 0.016,	 -0.004,	 0.013,	 6.516,	 0.163,	 -0.236,	 -0.404,	 4.689	 
45416,	 0.0,	 0.0,	 0.0,	 0.0,	 0.0,	 0.0,	 0.0,	 0.0,	 -0.015,	 0.055,	 0.075,	 6.554,	 -0.097,	 0.349,	 -0.269,	 4.145	 
46321,	 0.0,	 0.0,	 0.0,	 0.0,	 0.0,	 0.0,	 0.0,	 0.0,	 -0.059,	 -0.0,	 0.559,	 6.697,	 -0.074,	 -0.0,	 2.029,	 4.158	 
46321,	 0.0,	 0.0,	 0.0,	 0.0,	 0.0,	 0.0,	 0.0,	 0.0,	 0.113,	 -0.211,	 0.306,	 7.267,	 0.043,	 -0.268,	 1.707,	 6.464	 
46321,	 0.0,	 0.0,	 0.0,	 0.0,	 0.0,	 0.0,	 0.0,	 0.0,	 -0.088,	 0.197,	 0.289,	 7.526,	 -0.134,	 -0.115,	 1.247,	 8.199	 
46321,	 0.0,	 0.0,	 0.0,	 0.0,	 0.0,	 0.0,	 0.0,	 0.0,	 -0.009,	 -0.119,	 0.383,	 8.005,	 0.057,	 -0.596,	 0.395,	 9.301	 
46321,	 0.0,	 0.0,	 0.0,	 0.0,	 0.0,	 0.0,	 0.0,	 0.0,	 0.042,	 -0.152,	 0.057,	 8.277,	 0.109,	 -0.391,	 -0.788,	 9.016	 
47215,	 0.0,	 0.0,	 0.0,	 0.0,	 0.0,	 0.0,	 0.0,	 0.0,	 0.028,	 -0.0,	 -0.385,	 8.199,	 0.287,	 0.0,	 -1.58,	 7.694	 
47215,	 0.0,	 0.0,	 0.0,	 0.0,	 0.0,	 0.0,	 0.0,	 0.0,	 -0.019,	 0.1,	 -0.265,	 7.785,	 -0.305,	 1.034,	 -0.338,	 6.295	 
47215,	 0.0,	 0.0,	 0.0,	 0.0,	 0.0,	 0.0,	 0.0,	 0.0,	 -0.012,	 0.032,	 -0.107,	 7.578,	 -0.043,	 -0.063,	 0.828,	 6.852	 
47215,	 0.0,	 0.0,	 0.0,	 0.0,	 0.0,	 0.0,	 0.0,	 0.0,	 0.013,	 -0.01,	 -0.082,	 7.474,	 -0.063,	 -0.217,	 0.492,	 7.681	 
47215,	 0.0,	 0.0,	 0.0,	 0.0,	 0.0,	 0.0,	 0.0,	 0.0,	 -0.01,	 0.036,	 -0.051,	 7.383,	 0.124,	 -0.445,	 -0.303,	 7.85	 
48111,	 0.0,	 0.0,	 0.0,	 0.0,	 0.0,	 0.0,	 0.0,	 0.0,	 0.09,	 0.0,	 -0.561,	 7.358,	 0.329,	 0.0,	 -1.974,	 7.06	 
48111,	 0.0,	 0.0,	 0.0,	 0.0,	 0.0,	 0.0,	 0.0,	 0.0,	 -0.096,	 0.323,	 -0.174,	 6.839,	 -0.331,	 1.183,	 -0.554,	 5.259	 
48111,	 0.0,	 0.0,	 0.0,	 0.0,	 0.0,	 0.0,	 0.0,	 0.0,	 0.017,	 -0.023,	 0.186,	 6.93,	 -0.001,	 -0.009,	 0.855,	 5.725	 
48111,	 0.0,	 0.0,	 0.0,	 0.0,	 0.0,	 0.0,	 0.0,	 0.0,	 -0.04,	 0.038,	 0.205,	 7.15,	 -0.166,	 -0.014,	 0.827,	 6.736	 
48111,	 0.0,	 0.0,	 0.0,	 0.0,	 0.0,	 0.0,	 0.0,	 0.0,	 0.029,	 -0.104,	 0.126,	 7.383,	 0.17,	 -0.61,	 0.078,	 7.422	 
49011,	 0.0,	 0.0,	 0.0,	 0.0,	 0.0,	 0.0,	 0.0,	 0.0,	 0.038,	 0.0,	 -0.271,	 7.435,	 0.311,	 0.0,	 -1.937,	 6.93	 
49011,	 0.0,	 0.0,	 0.0,	 0.0,	 0.0,	 0.0,	 0.0,	 0.0,	 -0.034,	 0.138,	 -0.105,	 7.176,	 -0.302,	 1.119,	 -0.595,	 5.142	 
49011,	 0.0,	 0.0,	 0.0,	 0.0,	 0.0,	 0.0,	 0.0,	 0.0,	 0.009,	 0.015,	 0.078,	 7.189,	 -0.003,	 0.032,	 0.786,	 5.518	 
49011,	 0.0,	 0.0,	 0.0,	 0.0,	 0.0,	 0.0,	 0.0,	 0.0,	 -0.024,	 0.046,	 0.151,	 7.319,	 -0.149,	 0.02,	 0.849,	 6.503	 
49011,	 0.0,	 0.0,	 0.0,	 0.0,	 0.0,	 0.0,	 0.0,	 0.0,	 0.011,	 -0.039,	 0.16,	 7.526,	 0.144,	 -0.518,	 0.252,	 7.293	 
49918,	 0.0,	 0.0,	 0.0,	 0.0,	 0.0,	 0.0,	 0.0,	 0.0,	 0.034,	 0.0,	 -0.319,	 7.681,	 0.295,	 -0.0,	 -2.012,	 7.098	 
49918,	 0.0,	 0.0,	 0.0,	 0.0,	 0.0,	 0.0,	 0.0,	 0.0,	 -0.029,	 0.123,	 -0.171,	 7.358,	 -0.261,	 1.062,	 -0.737,	 5.194	 
49919,	 0.0,	 0.0,	 0.0,	 0.0,	 0.0,	 0.0,	 0.0,	 0.0,	 0.005,	 0.02,	 0.001,	 7.28,	 -0.07,	 0.124,	 0.686,	 5.389	 
49919,	 0.0,	 0.0,	 0.0,	 0.0,	 0.0,	 0.0,	 0.0,	 0.0,	 -0.038,	 0.04,	 0.072,	 7.319,	 -0.106,	 -0.127,	 0.682,	 6.269	 
49919,	 0.0,	 0.0,	 0.0,	 0.0,	 0.0,	 0.0,	 0.0,	 0.0,	 0.027,	 -0.098,	 0.003,	 7.396,	 0.141,	 -0.508,	 -0.079,	 6.723	 
50818,	 0.0,	 0.0,	 0.0,	 0.0,	 0.0,	 0.0,	 0.0,	 0.0,	 0.049,	 -0.0,	 -0.33,	 7.306,	 0.275,	 0.0,	 -1.335,	 6.14	 
50818,	 0.0,	 0.0,	 0.0,	 0.0,	 0.0,	 0.0,	 0.0,	 0.0,	 -0.037,	 0.177,	 -0.117,	 6.995,	 -0.294,	 0.989,	 -0.148,	 5.013	 
50818,	 0.0,	 0.0,	 0.0,	 0.0,	 0.0,	 0.0,	 0.0,	 0.0,	 -0.038,	 0.046,	 0.151,	 7.047,	 -0.006,	 -0.069,	 0.955,	 5.751	 
50818,	 0.0,	 0.0,	 0.0,	 0.0,	 0.0,	 0.0,	 0.0,	 0.0,	 0.032,	 -0.091,	 0.096,	 7.228,	 -0.131,	 -0.091,	 0.763,	 6.788	 
50818,	 0.0,	 0.0,	 0.0,	 0.0,	 0.0,	 0.0,	 0.0,	 0.0,	 -0.006,	 0.023,	 0.014,	 7.267,	 0.157,	 -0.564,	 -0.024,	 7.345	 
51717,	 0.0,	 0.0,	 0.0,	 0.0,	 0.0,	 0.0,	 0.0,	 0.0,	 0.045,	 -0.0,	 -0.324,	 7.306,	 0.308,	 -0.0,	 -1.826,	 6.775	 
51717,	 0.0,	 0.0,	 0.0,	 0.0,	 0.0,	 0.0,	 0.0,	 0.0,	 -0.052,	 0.162,	 -0.13,	 6.995,	 -0.298,	 1.111,	 -0.493,	 5.117	 
51717,	 0.0,	 0.0,	 0.0,	 0.0,	 0.0,	 0.0,	 0.0,	 0.0,	 0.044,	 -0.026,	 0.033,	 6.982,	 -0.031,	 0.037,	 0.884,	 5.609	 
51717,	 0.0,	 0.0,	 0.0,	 0.0,	 0.0,	 0.0,	 0.0,	 0.0,	 -0.062,	 0.131,	 0.159,	 7.06,	 -0.134,	 -0.073,	 0.842,	 6.671	 
51717,	 0.0,	 0.0,	 0.0,	 0.0,	 0.0,	 0.0,	 0.0,	 0.0,	 0.026,	 -0.093,	 0.204,	 7.332,	 0.154,	 -0.555,	 0.088,	 7.345	 
52612,	 0.0,	 0.0,	 0.0,	 0.0,	 0.0,	 0.0,	 0.0,	 0.0,	 0.039,	 0.0,	 -0.337,	 7.487,	 0.315,	 0.0,	 -1.976,	 6.917	 
52612,	 0.0,	 0.0,	 0.0,	 0.0,	 0.0,	 0.0,	 0.0,	 0.0,	 -0.025,	 0.142,	 -0.167,	 7.15,	 -0.301,	 1.134,	 -0.615,	 5.091	 
52612,	 0.0,	 0.0,	 0.0,	 0.0,	 0.0,	 0.0,	 0.0,	 0.0,	 -0.016,	 0.053,	 0.067,	 7.111,	 -0.011,	 0.051,	 0.807,	 5.466	 
52612,	 0.0,	 0.0,	 0.0,	 0.0,	 0.0,	 0.0,	 0.0,	 0.0,	 -0.01,	 -0.003,	 0.126,	 7.241,	 -0.15,	 0.012,	 0.882,	 6.49	 
52612,	 0.0,	 0.0,	 0.0,	 0.0,	 0.0,	 0.0,	 0.0,	 0.0,	 0.011,	 -0.04,	 0.075,	 7.37,	 0.147,	 -0.529,	 0.261,	 7.306	 
53512,	 0.0,	 0.0,	 0.0,	 0.0,	 0.0,	 0.0,	 0.0,	 0.0,	 0.041,	 -0.0,	 -0.415,	 7.422,	 0.316,	 0.0,	 -2.128,	 7.111	 
53512,	 0.0,	 0.0,	 0.0,	 0.0,	 0.0,	 0.0,	 0.0,	 0.0,	 -0.038,	 0.146,	 -0.239,	 6.995,	 -0.296,	 1.136,	 -0.764,	 5.104	 
53512,	 0.0,	 0.0,	 0.0,	 0.0,	 0.0,	 0.0,	 0.0,	 0.0,	 0.022,	 0.009,	 -0.053,	 6.852,	 -0.045,	 0.07,	 0.683,	 5.311	 
53512,	 0.0,	 0.0,	 0.0,	 0.0,	 0.0,	 0.0,	 0.0,	 0.0,	 -0.049,	 0.088,	 0.063,	 6.839,	 -0.116,	 -0.092,	 0.656,	 6.153	 
53512,	 0.0,	 0.0,	 0.0,	 0.0,	 0.0,	 0.0,	 0.0,	 0.0,	 0.025,	 -0.089,	 0.061,	 6.956,	 0.142,	 -0.51,	 -0.067,	 6.606	 
54418,	 0.0,	 0.0,	 0.0,	 0.0,	 0.0,	 0.0,	 0.0,	 0.0,	 0.056,	 0.0,	 -0.416,	 6.943,	 0.27,	 0.0,	 -1.349,	 6.036	 
54418,	 0.0,	 0.0,	 0.0,	 0.0,	 0.0,	 0.0,	 0.0,	 0.0,	 -0.063,	 0.202,	 -0.173,	 6.541,	 -0.277,	 0.971,	 -0.184,	 4.883	 
54418,	 0.0,	 0.0,	 0.0,	 0.0,	 0.0,	 0.0,	 0.0,	 0.0,	 0.025,	 -0.026,	 0.038,	 6.516,	 -0.025,	 -0.025,	 0.951,	 5.583	 
54418,	 0.0,	 0.0,	 0.0,	 0.0,	 0.0,	 0.0,	 0.0,	 0.0,	 -0.022,	 0.065,	 0.084,	 6.567,	 -0.127,	 -0.114,	 0.784,	 6.645	 
54418,	 0.0,	 0.0,	 0.0,	 0.0,	 0.0,	 0.0,	 0.0,	 0.0,	 0.004,	 -0.016,	 0.142,	 6.723,	 0.159,	 -0.572,	 -0.039,	 7.202	 
55318,	 0.0,	 0.0,	 0.0,	 0.0,	 0.0,	 0.0,	 0.0,	 0.0,	 -0.017,	 -0.0,	 0.424,	 6.878,	 0.348,	 0.0,	 -2.962,	 6.606	 
55318,	 0.0,	 0.0,	 0.0,	 0.0,	 0.0,	 0.0,	 0.0,	 0.0,	 0.041,	 -0.062,	 0.35,	 7.358,	 -0.33,	 1.252,	 -1.46,	 3.653	 
55318,	 0.0,	 0.0,	 0.0,	 0.0,	 0.0,	 0.0,	 0.0,	 0.0,	 -0.063,	 0.085,	 0.378,	 7.759,	 -0.019,	 0.066,	 0.121,	 3.135	 
55318,	 0.0,	 0.0,	 0.0,	 0.0,	 0.0,	 0.0,	 0.0,	 0.0,	 0.018,	 -0.143,	 0.308,	 8.225,	 -0.059,	 -0.003,	 0.196,	 3.342	 
55318,	 0.0,	 0.0,	 0.0,	 0.0,	 0.0,	 0.0,	 0.0,	 0.0,	 0.022,	 -0.079,	 0.042,	 8.42,	 0.06,	 -0.215,	 -0.065,	 3.472	 
56211,	 0.0,	 0.0,	 0.0,	 0.0,	 0.0,	 0.0,	 0.0,	 0.0,	 0.038,	 0.0,	 -0.411,	 8.394,	 0.282,	 0.0,	 -1.777,	 3.187	 
56212,	 0.0,	 0.0,	 0.0,	 0.0,	 0.0,	 0.0,	 0.0,	 0.0,	 -0.034,	 0.138,	 -0.246,	 7.966,	 -0.263,	 1.015,	 -0.559,	 1.541	 
56212,	 0.0,	 0.0,	 0.0,	 0.0,	 0.0,	 0.0,	 0.0,	 0.0,	 0.008,	 0.015,	 -0.062,	 7.811,	 -0.016,	 0.068,	 0.741,	 1.878	 
56212,	 0.0,	 0.0,	 0.0,	 0.0,	 0.0,	 0.0,	 0.0,	 0.0,	 -0.021,	 0.045,	 0.009,	 7.772,	 -0.129,	 0.009,	 0.833,	 2.837	 
56212,	 0.0,	 0.0,	 0.0,	 0.0,	 0.0,	 0.0,	 0.0,	 0.0,	 0.009,	 -0.031,	 0.025,	 7.811,	 0.126,	 -0.454,	 0.299,	 3.627	 
61732,	 0.0,	 0.0,	 0.0,	 0.0,	 0.0,	 0.0,	 0.0,	 0.0,	 0.029,	 -0.0,	 0.055,	 7.811,	 0.21,	 0.0,	 -1.468,	 3.549	 
61732,	 0.0,	 0.0,	 0.0,	 0.0,	 0.0,	 0.0,	 0.0,	 0.0,	 0.281,	 0.105,	 0.181,	 7.927,	 -0.201,	 0.754,	 -0.562,	 2.15	 
61732,	 0.0,	 0.0,	 0.0,	 0.0,	 0.0,	 0.0,	 0.0,	 0.0,	 -0.157,	 1.117,	 1.648,	 8.782,	 -0.276,	 0.032,	 0.381,	 2.215	 
61732,	 0.0,	 0.0,	 0.0,	 0.0,	 0.0,	 0.0,	 0.0,	 0.0,	 -2.158,	 0.553,	 3.653,	 12.098,	 0.615,	 -0.962,	 -0.735,	 2.241	 
61732,	 0.0,	 0.0,	 0.0,	 0.0,	 0.0,	 0.0,	 0.0,	 0.0,	 2.004,	 -7.215,	 -4.342,	 13.549,	 -0.348,	 1.252,	 -0.387,	 1.036	 
63777,	 0.0,	 0.0,	 0.0,	 0.0,	 0.0,	 0.0,	 0.0,	 0.0,	 -0.095,	 0.0,	 2.286,	 1.412,	 0.429,	 -0.0,	 -2.345,	 1.775	 
63777,	 0.0,	 0.0,	 0.0,	 0.0,	 0.0,	 0.0,	 0.0,	 0.0,	 -0.332,	 -0.344,	 1.873,	 3.99,	 -0.865,	 1.546,	 -0.49,	 -0.298	 
63778,	 0.0,	 0.0,	 0.0,	 0.0,	 0.0,	 0.0,	 0.0,	 0.0,	 0.555,	 -1.54,	 -0.387,	 5.168,	 0.707,	 -1.569,	 -0.518,	 -0.155	 
63778,	 0.0,	 0.0,	 0.0,	 0.0,	 0.0,	 0.0,	 0.0,	 0.0,	 1.042,	 0.459,	 -1.684,	 3.446,	 -0.353,	 0.978,	 -1.227,	 -1.813	 
63778,	 0.0,	 0.0,	 0.0,	 0.0,	 0.0,	 0.0,	 0.0,	 0.0,	 -1.169,	 4.21,	 3.918,	 3.886,	 0.081,	 -0.292,	 -0.404,	 -2.487	 
64496,	 0.0,	 0.0,	 0.0,	 0.0,	 0.0,	 0.0,	 0.0,	 0.0,	 0.006,	 0.0,	 -0.441,	 12.63,	 0.024,	 0.0,	 0.16,	 -3.251	 
64496,	 0.0,	 0.0,	 0.0,	 0.0,	 0.0,	 0.0,	 0.0,	 0.0,	 -0.047,	 0.023,	 -0.413,	 12.111,	 -0.044,	 0.086,	 0.263,	 -3.018	 
64496,	 0.0,	 0.0,	 0.0,	 0.0,	 0.0,	 0.0,	 0.0,	 0.0,	 0.071,	 -0.147,	 -0.562,	 11.567,	 0.026,	 -0.074,	 0.278,	 -2.655	 
64496,	 0.0,	 0.0,	 0.0,	 0.0,	 0.0,	 0.0,	 0.0,	 0.0,	 0.049,	 0.108,	 -0.61,	 10.803,	 -0.067,	 0.02,	 0.213,	 -2.383	 
64496,	 0.0,	 0.0,	 0.0,	 0.0,	 0.0,	 0.0,	 0.0,	 0.0,	 -0.079,	 0.283,	 -0.14,	 10.311,	 0.061,	 -0.221,	 -0.028,	 -2.215	 
65336,	 0.0,	 0.0,	 0.0,	 0.0,	 0.0,	 0.0,	 0.0,	 0.0,	 -0.223,	 -0.0,	 1.153,	 10.415,	 0.158,	 0.0,	 -1.404,	 -2.461	 
65337,	 0.0,	 0.0,	 0.0,	 0.0,	 0.0,	 0.0,	 0.0,	 0.0,	 0.292,	 -0.804,	 0.188,	 11.412,	 -0.114,	 0.568,	 -0.722,	 -3.873	 
65337,	 0.0,	 0.0,	 0.0,	 0.0,	 0.0,	 0.0,	 0.0,	 0.0,	 -0.089,	 0.247,	 -0.48,	 10.984,	 -0.076,	 0.157,	 0.148,	 -4.119	 
65337,	 0.0,	 0.0,	 0.0,	 0.0,	 0.0,	 0.0,	 0.0,	 0.0,	 0.005,	 -0.075,	 -0.274,	 10.609,	 0.005,	 -0.116,	 0.197,	 -3.847	 
65337,	 0.0,	 0.0,	 0.0,	 0.0,	 0.0,	 0.0,	 0.0,	 0.0,	 0.015,	 -0.056,	 -0.431,	 10.181,	 0.028,	 -0.099,	 -0.061,	 -3.769	 
66052,	 0.0,	 0.0,	 0.0,	 0.0,	 0.0,	 0.0,	 0.0,	 0.0,	 0.121,	 -0.0,	 -0.832,	 9.611,	 0.051,	 -0.0,	 -0.267,	 -3.938	 
66052,	 0.0,	 0.0,	 0.0,	 0.0,	 0.0,	 0.0,	 0.0,	 0.0,	 -0.131,	 0.434,	 -0.311,	 8.821,	 -0.043,	 0.182,	 -0.048,	 -4.171	 
66052,	 0.0,	 0.0,	 0.0,	 0.0,	 0.0,	 0.0,	 0.0,	 0.0,	 0.006,	 -0.037,	 0.165,	 8.847,	 -0.005,	 0.026,	 0.202,	 -4.041	 
66052,	 0.0,	 0.0,	 0.0,	 0.0,	 0.0,	 0.0,	 0.0,	 0.0,	 -0.013,	 -0.015,	 0.102,	 9.003,	 -0.035,	 0.009,	 0.245,	 -3.769	 
66052,	 0.0,	 0.0,	 0.0,	 0.0,	 0.0,	 0.0,	 0.0,	 0.0,	 0.018,	 -0.064,	 0.008,	 9.08,	 0.032,	 -0.117,	 0.115,	 -3.523	 
83579,	 0.0,	 0.0,	 0.0,	 0.0,	 0.0,	 0.0,	 0.0,	 0.0,	 0.148,	 0.0,	 -0.591,	 9.028,	 0.994,	 0.0,	 -1.593,	 -3.497	 
83579,	 0.0,	 0.0,	 0.0,	 0.0,	 0.0,	 0.0,	 0.0,	 0.0,	 -0.125,	 0.532,	 0.048,	 8.575,	 -2.112,	 3.577,	 2.699,	 -3.692	 
83579,	 0.0,	 0.0,	 0.0,	 0.0,	 0.0,	 0.0,	 0.0,	 0.0,	 -0.121,	 0.083,	 0.787,	 9.184,	 1.426,	 -4.025,	 2.161,	 1.049	 
83579,	 0.0,	 0.0,	 0.0,	 0.0,	 0.0,	 0.0,	 0.0,	 0.0,	 0.145,	 -0.353,	 0.463,	 10.039,	 -0.37,	 1.109,	 -1.338,	 0.311	 
83579,	 0.0,	 0.0,	 0.0,	 0.0,	 0.0,	 0.0,	 0.0,	 0.0,	 -0.047,	 0.169,	 0.242,	 10.337,	 0.062,	 -0.223,	 -0.275,	 -0.337	 
84292,	 0.0,	 0.0,	 0.0,	 0.0,	 0.0,	 0.0,	 0.0,	 0.0,	 -0.129,	 0.0,	 0.401,	 10.79,	 0.078,	 0.0,	 -0.166,	 -0.881	 
84292,	 0.0,	 0.0,	 0.0,	 0.0,	 0.0,	 0.0,	 0.0,	 0.0,	 0.209,	 -0.463,	 -0.155,	 11.049,	 -0.148,	 0.279,	 0.169,	 -0.946	 
84292,	 0.0,	 0.0,	 0.0,	 0.0,	 0.0,	 0.0,	 0.0,	 0.0,	 -0.061,	 0.288,	 -0.365,	 10.557,	 0.08,	 -0.254,	 0.2,	 -0.596	 
84292,	 0.0,	 0.0,	 0.0,	 0.0,	 0.0,	 0.0,	 0.0,	 0.0,	 -0.038,	 0.067,	 0.061,	 10.427,	 -0.028,	 0.033,	 -0.064,	 -0.583	 
84292,	 0.0,	 0.0,	 0.0,	 0.0,	 0.0,	 0.0,	 0.0,	 0.0,	 0.02,	 -0.071,	 0.057,	 10.531,	 0.019,	 -0.069,	 -0.107,	 -0.661	 
85013,	 0.0,	 0.0,	 0.0,	 0.0,	 0.0,	 0.0,	 0.0,	 0.0,	 0.041,	 -0.0,	 -0.361,	 10.531,	 0.09,	 0.0,	 -1.145,	 -0.855	 
85013,	 0.0,	 0.0,	 0.0,	 0.0,	 0.0,	 0.0,	 0.0,	 0.0,	 -0.025,	 0.147,	 -0.184,	 10.168,	 -0.069,	 0.325,	 -0.755,	 -2.073	 
85013,	 0.0,	 0.0,	 0.0,	 0.0,	 0.0,	 0.0,	 0.0,	 0.0,	 -0.016,	 0.058,	 0.062,	 10.117,	 0.02,	 0.077,	 -0.272,	 -2.63	 
85013,	 0.0,	 0.0,	 0.0,	 0.0,	 0.0,	 0.0,	 0.0,	 0.0,	 0.015,	 -0.001,	 0.13,	 10.246,	 -0.048,	 0.148,	 -0.001,	 -2.811	 
85013,	 0.0,	 0.0,	 0.0,	 0.0,	 0.0,	 0.0,	 0.0,	 0.0,	 -0.015,	 0.054,	 0.194,	 10.427,	 0.007,	 -0.024,	 0.148,	 -2.681	 
85733,	 0.0,	 0.0,	 0.0,	 0.0,	 0.0,	 0.0,	 0.0,	 0.0,	 -0.037,	 0.0,	 0.258,	 10.712,	 0.043,	 -0.0,	 -0.515,	 -2.526	 
85733,	 0.0,	 0.0,	 0.0,	 0.0,	 0.0,	 0.0,	 0.0,	 0.0,	 0.034,	 -0.133,	 0.099,	 10.959,	 -0.027,	 0.154,	 -0.33,	 -3.07	 
85733,	 0.0,	 0.0,	 0.0,	 0.0,	 0.0,	 0.0,	 0.0,	 0.0,	 0.027,	 -0.009,	 -0.071,	 10.946,	 0.02,	 0.057,	 -0.076,	 -3.29	 
85734,	 0.0,	 0.0,	 0.0,	 0.0,	 0.0,	 0.0,	 0.0,	 0.0,	 -0.008,	 0.089,	 0.024,	 10.894,	 -0.085,	 0.131,	 0.149,	 -3.264	 
85734,	 0.0,	 0.0,	 0.0,	 0.0,	 0.0,	 0.0,	 0.0,	 0.0,	 -0.016,	 0.059,	 0.201,	 11.036,	 0.048,	 -0.174,	 0.096,	 -3.044	 
86458,	 0.0,	 0.0,	 0.0,	 0.0,	 0.0,	 0.0,	 0.0,	 0.0,	 -0.019,	 0.0,	 0.416,	 11.334,	 0.093,	 0.0,	 -0.598,	 -3.096	 
86458,	 0.0,	 0.0,	 0.0,	 0.0,	 0.0,	 0.0,	 0.0,	 0.0,	 0.037,	 -0.069,	 0.333,	 11.801,	 -0.076,	 0.335,	 -0.196,	 -3.653	 
86458,	 0.0,	 0.0,	 0.0,	 0.0,	 0.0,	 0.0,	 0.0,	 0.0,	 -0.029,	 0.062,	 0.324,	 12.163,	 -0.008,	 0.063,	 0.282,	 -3.536	 
86458,	 0.0,	 0.0,	 0.0,	 0.0,	 0.0,	 0.0,	 0.0,	 0.0,	 -0.002,	 -0.044,	 0.346,	 12.591,	 -0.049,	 0.034,	 0.397,	 -3.122	 
86458,	 0.0,	 0.0,	 0.0,	 0.0,	 0.0,	 0.0,	 0.0,	 0.0,	 0.014,	 -0.05,	 0.234,	 12.94,	 0.04,	 -0.143,	 0.266,	 -2.681	 
87179,	 0.0,	 0.0,	 0.0,	 0.0,	 0.0,	 0.0,	 0.0,	 0.0,	 -0.01,	 -0.0,	 0.252,	 13.174,	 0.024,	 0.0,	 -0.067,	 -2.5	 
87179,	 0.0,	 0.0,	 0.0,	 0.0,	 0.0,	 0.0,	 0.0,	 0.0,	 0.019,	 -0.036,	 0.209,	 13.459,	 -0.016,	 0.087,	 0.037,	 -2.539	 
87179,	 0.0,	 0.0,	 0.0,	 0.0,	 0.0,	 0.0,	 0.0,	 0.0,	 -0.022,	 0.034,	 0.207,	 13.692,	 -0.013,	 0.03,	 0.177,	 -2.396	 
87179,	 0.0,	 0.0,	 0.0,	 0.0,	 0.0,	 0.0,	 0.0,	 0.0,	 -0.027,	 -0.047,	 0.192,	 13.951,	 -0.022,	 -0.017,	 0.193,	 -2.163	 
87179,	 0.0,	 0.0,	 0.0,	 0.0,	 0.0,	 0.0,	 0.0,	 0.0,	 0.04,	 -0.143,	 -0.036,	 14.067,	 0.027,	 -0.097,	 0.056,	 -1.995	 
87899,	 0.0,	 0.0,	 0.0,	 0.0,	 0.0,	 0.0,	 0.0,	 0.0,	 0.102,	 -0.0,	 -0.795,	 13.886,	 0.044,	 -0.0,	 -0.344,	 -2.021	 
87899,	 0.0,	 0.0,	 0.0,	 0.0,	 0.0,	 0.0,	 0.0,	 0.0,	 -0.1,	 0.369,	 -0.353,	 13.109,	 -0.032,	 0.158,	 -0.154,	 -2.358	 
87899,	 0.0,	 0.0,	 0.0,	 0.0,	 0.0,	 0.0,	 0.0,	 0.0,	 0.042,	 0.009,	 0.101,	 13.044,	 -0.014,	 0.043,	 0.087,	 -2.37	 
87899,	 0.0,	 0.0,	 0.0,	 0.0,	 0.0,	 0.0,	 0.0,	 0.0,	 -0.122,	 0.161,	 0.305,	 13.251,	 -0.026,	 -0.006,	 0.131,	 -2.228	 
87899,	 0.0,	 0.0,	 0.0,	 0.0,	 0.0,	 0.0,	 0.0,	 0.0,	 0.077,	 -0.276,	 0.167,	 13.64,	 0.028,	 -0.1,	 0.004,	 -2.124	 
88613,	 0.0,	 0.0,	 0.0,	 0.0,	 0.0,	 0.0,	 0.0,	 0.0,	 0.122,	 0.0,	 -0.888,	 13.575,	 0.069,	 -0.0,	 -0.553,	 -2.215	 
88613,	 0.0,	 0.0,	 0.0,	 0.0,	 0.0,	 0.0,	 0.0,	 0.0,	 -0.107,	 0.438,	 -0.362,	 12.72,	 -0.061,	 0.249,	 -0.254,	 -2.759	 
88613,	 0.0,	 0.0,	 0.0,	 0.0,	 0.0,	 0.0,	 0.0,	 0.0,	 -0.003,	 0.055,	 0.23,	 12.733,	 0.003,	 0.029,	 0.08,	 -2.811	 
88613,	 0.0,	 0.0,	 0.0,	 0.0,	 0.0,	 0.0,	 0.0,	 0.0,	 -0.055,	 0.045,	 0.349,	 13.083,	 -0.04,	 0.039,	 0.162,	 -2.668	 
88613,	 0.0,	 0.0,	 0.0,	 0.0,	 0.0,	 0.0,	 0.0,	 0.0,	 0.042,	 -0.153,	 0.219,	 13.472,	 0.029,	 -0.104,	 0.083,	 -2.487	 
89333,	 0.0,	 0.0,	 0.0,	 0.0,	 0.0,	 0.0,	 0.0,	 0.0,	 0.067,	 0.0,	 -0.528,	 13.588,	 0.059,	 0.0,	 -0.463,	 -2.487	 
89333,	 0.0,	 0.0,	 0.0,	 0.0,	 0.0,	 0.0,	 0.0,	 0.0,	 -0.042,	 0.241,	 -0.239,	 13.07,	 -0.048,	 0.213,	 -0.208,	 -2.94	 
89334,	 0.0,	 0.0,	 0.0,	 0.0,	 0.0,	 0.0,	 0.0,	 0.0,	 -0.011,	 0.089,	 0.157,	 13.057,	 -0.002,	 0.04,	 0.095,	 -2.966	 
89334,	 0.0,	 0.0,	 0.0,	 0.0,	 0.0,	 0.0,	 0.0,	 0.0,	 -0.057,	 0.05,	 0.324,	 13.355,	 -0.034,	 0.033,	 0.182,	 -2.798	 
89334,	 0.0,	 0.0,	 0.0,	 0.0,	 0.0,	 0.0,	 0.0,	 0.0,	 0.043,	 -0.154,	 0.199,	 13.718,	 0.025,	 -0.089,	 0.114,	 -2.591	 
90173,	 0.0,	 0.0,	 0.0,	 0.0,	 0.0,	 0.0,	 0.0,	 0.0,	 0.077,	 0.0,	 -0.542,	 13.808,	 0.032,	 0.0,	 -0.327,	 -2.539	 
90173,	 0.0,	 0.0,	 0.0,	 0.0,	 0.0,	 0.0,	 0.0,	 0.0,	 -0.045,	 0.275,	 -0.211,	 13.29,	 -0.012,	 0.116,	 -0.188,	 -2.876	 
90174,	 0.0,	 0.0,	 0.0,	 0.0,	 0.0,	 0.0,	 0.0,	 0.0,	 -0.001,	 0.113,	 0.254,	 13.355,	 -0.016,	 0.074,	 0.041,	 -2.953	 
90174,	 0.0,	 0.0,	 0.0,	 0.0,	 0.0,	 0.0,	 0.0,	 0.0,	 -0.095,	 0.11,	 0.522,	 13.821,	 -0.053,	 0.018,	 0.152,	 -2.824	 
90174,	 0.0,	 0.0,	 0.0,	 0.0,	 0.0,	 0.0,	 0.0,	 0.0,	 0.064,	 -0.23,	 0.378,	 14.443,	 0.048,	 -0.173,	 -0.034,	 -2.707	 
91254,	 0.0,	 0.0,	 0.0,	 0.0,	 0.0,	 0.0,	 0.0,	 0.0,	 0.101,	 -0.0,	 -0.47,	 14.676,	 0.033,	 -0.0,	 -0.22,	 -2.915	 
91254,	 0.0,	 0.0,	 0.0,	 0.0,	 0.0,	 0.0,	 0.0,	 0.0,	 -0.14,	 0.365,	 -0.032,	 14.288,	 0.009,	 0.118,	 -0.078,	 -3.122	 
91254,	 0.0,	 0.0,	 0.0,	 0.0,	 0.0,	 0.0,	 0.0,	 0.0,	 -0.052,	 -0.138,	 0.241,	 14.534,	 -0.135,	 0.149,	 0.242,	 -3.031	 
91254,	 0.0,	 0.0,	 0.0,	 0.0,	 0.0,	 0.0,	 0.0,	 0.0,	 0.167,	 -0.325,	 -0.315,	 14.534,	 0.149,	 -0.337,	 0.017,	 -2.759	 
91254,	 0.0,	 0.0,	 0.0,	 0.0,	 0.0,	 0.0,	 0.0,	 0.0,	 -0.077,	 0.277,	 -0.373,	 13.977,	 -0.055,	 0.199,	 -0.148,	 -2.966	 
92577,	 0.0,	 0.0,	 0.0,	 0.0,	 0.0,	 0.0,	 0.0,	 0.0,	 -0.112,	 0.0,	 0.765,	 13.795,	 -0.073,	 0.0,	 0.353,	 -2.953	 
92577,	 0.0,	 0.0,	 0.0,	 0.0,	 0.0,	 0.0,	 0.0,	 0.0,	 0.094,	 -0.402,	 0.283,	 14.521,	 0.093,	 -0.261,	 0.039,	 -2.655	 
92577,	 0.0,	 0.0,	 0.0,	 0.0,	 0.0,	 0.0,	 0.0,	 0.0,	 0.072,	 -0.063,	 -0.276,	 14.443,	 -0.008,	 0.074,	 -0.185,	 -2.824	 
92577,	 0.0,	 0.0,	 0.0,	 0.0,	 0.0,	 0.0,	 0.0,	 0.0,	 -0.031,	 0.197,	 -0.116,	 14.145,	 0.007,	 0.045,	 -0.042,	 -2.953	 
92577,	 0.0,	 0.0,	 0.0,	 0.0,	 0.0,	 0.0,	 0.0,	 0.0,	 -0.024,	 0.086,	 0.223,	 14.236,	 -0.019,	 0.07,	 0.095,	 -2.927	 
99843,	 0.0,	 0.0,	 0.0,	 0.0,	 0.0,	 0.0,	 0.0,	 0.0,	 1.233,	 0.0,	 -8.727,	 14.585,	 0.465,	 0.0,	 -2.871,	 -2.746	 
99843,	 0.0,	 0.0,	 0.0,	 0.0,	 0.0,	 0.0,	 0.0,	 0.0,	 -1.509,	 4.438,	 -3.401,	 6.244,	 -0.599,	 1.673,	 -0.864,	 -5.389	 
99843,	 0.0,	 0.0,	 0.0,	 0.0,	 0.0,	 0.0,	 0.0,	 0.0,	 0.401,	 -0.993,	 0.732,	 5.946,	 0.162,	 -0.484,	 0.563,	 -5.052	 
99843,	 0.0,	 0.0,	 0.0,	 0.0,	 0.0,	 0.0,	 0.0,	 0.0,	 -0.134,	 0.452,	 0.083,	 6.088,	 -0.057,	 0.1,	 0.103,	 -4.793	 
99843,	 0.0,	 0.0,	 0.0,	 0.0,	 0.0,	 0.0,	 0.0,	 0.0,	 0.009,	 -0.032,	 0.587,	 6.606,	 0.029,	 -0.106,	 0.096,	 -4.624	 
101947,	 0.0,	 0.0,	 0.0,	 0.0,	 0.0,	 0.0,	 0.0,	 0.0,	 -0.21,	 0.0,	 1.856,	 7.28,	 0.015,	 0.0,	 0.108,	 -4.611	 
101947,	 0.0,	 0.0,	 0.0,	 0.0,	 0.0,	 0.0,	 0.0,	 0.0,	 0.298,	 -0.755,	 0.951,	 9.145,	 -0.052,	 0.054,	 0.173,	 -4.456	 
101947,	 0.0,	 0.0,	 0.0,	 0.0,	 0.0,	 0.0,	 0.0,	 0.0,	 -0.174,	 0.32,	 0.429,	 9.715,	 0.029,	 -0.134,	 0.076,	 -4.262	 
101947,	 0.0,	 0.0,	 0.0,	 0.0,	 0.0,	 0.0,	 0.0,	 0.0,	 0.279,	 -0.308,	 0.443,	 10.389,	 0.088,	 -0.031,	 -0.121,	 -4.313	 
101947,	 0.0,	 0.0,	 0.0,	 0.0,	 0.0,	 0.0,	 0.0,	 0.0,	 -0.194,	 0.698,	 0.91,	 10.959,	 -0.079,	 0.284,	 0.183,	 -4.352	 
104643,	 0.0,	 0.0,	 0.0,	 0.0,	 0.0,	 0.0,	 0.0,	 0.0,	 0.11,	 -0.0,	 -0.687,	 12.72,	 0.087,	 0.0,	 -0.546,	 -3.86	 
104643,	 0.0,	 0.0,	 0.0,	 0.0,	 0.0,	 0.0,	 0.0,	 0.0,	 -0.1,	 0.396,	 -0.212,	 12.085,	 -0.12,	 0.313,	 -0.171,	 -4.365	 
104643,	 0.0,	 0.0,	 0.0,	 0.0,	 0.0,	 0.0,	 0.0,	 0.0,	 -0.016,	 0.035,	 0.305,	 12.228,	 0.122,	 -0.118,	 0.063,	 -4.326	 
104643,	 0.0,	 0.0,	 0.0,	 0.0,	 0.0,	 0.0,	 0.0,	 0.0,	 -0.137,	 -0.022,	 0.32,	 12.617,	 -0.166,	 0.321,	 0.307,	 -4.21	 
104643,	 0.0,	 0.0,	 0.0,	 0.0,	 0.0,	 0.0,	 0.0,	 0.0,	 0.143,	 -0.514,	 -0.323,	 12.733,	 0.077,	 -0.276,	 0.361,	 -3.666	 
112997,	 0.0,	 0.0,	 0.0,	 0.0,	 0.0,	 0.0,	 0.0,	 0.0,	 2.3,	 -0.0,	 -16.201,	 11.852,	 -2.311,	 -0.0,	 8.747,	 -3.497	 
112997,	 0.0,	 0.0,	 0.0,	 0.0,	 0.0,	 0.0,	 0.0,	 0.0,	 -2.73,	 8.28,	 -6.264,	 -3.614,	 3.977,	 -8.32,	 -1.237,	 3.005	 
112997,	 0.0,	 0.0,	 0.0,	 0.0,	 0.0,	 0.0,	 0.0,	 0.0,	 0.066,	 -1.547,	 1.815,	 -3.925,	 -2.502,	 5.996,	 -4.025,	 -3.588	 
112997,	 0.0,	 0.0,	 0.0,	 0.0,	 0.0,	 0.0,	 0.0,	 0.0,	 1.783,	 -1.309,	 -1.612,	 -3.86,	 2.094,	 -3.01,	 -0.441,	 -4.106	 
112997,	 0.0,	 0.0,	 0.0,	 0.0,	 0.0,	 0.0,	 0.0,	 0.0,	 -1.42,	 5.111,	 2.95,	 -4.598,	 -1.258,	 4.53,	 1.384,	 -5.35	 
113715,	 0.0,	 0.0,	 0.0,	 0.0,	 0.0,	 0.0,	 0.0,	 0.0,	 -0.029,	 -0.0,	 -0.218,	 3.847,	 -0.094,	 0.0,	 0.513,	 0.661	 
113715,	 0.0,	 0.0,	 0.0,	 0.0,	 0.0,	 0.0,	 0.0,	 0.0,	 0.091,	 -0.103,	 -0.342,	 3.536,	 0.117,	 -0.338,	 0.108,	 1.114	 
113715,	 0.0,	 0.0,	 0.0,	 0.0,	 0.0,	 0.0,	 0.0,	 0.0,	 -0.021,	 0.225,	 -0.196,	 3.135,	 -0.051,	 0.083,	 -0.198,	 0.959	 
113715,	 0.0,	 0.0,	 0.0,	 0.0,	 0.0,	 0.0,	 0.0,	 0.0,	 0.001,	 0.149,	 0.252,	 3.187,	 -0.055,	 -0.101,	 -0.221,	 0.751	 
113715,	 0.0,	 0.0,	 0.0,	 0.0,	 0.0,	 0.0,	 0.0,	 0.0,	 -0.042,	 0.152,	 0.613,	 3.705,	 0.083,	 -0.299,	 -0.7,	 0.246	 
114671,	 0.0,	 0.0,	 0.0,	 0.0,	 0.0,	 0.0,	 0.0,	 0.0,	 -0.513,	 0.0,	 3.319,	 4.585,	 0.244,	 0.0,	 -1.474,	 -0.881	 
114671,	 0.0,	 0.0,	 0.0,	 0.0,	 0.0,	 0.0,	 0.0,	 0.0,	 0.617,	 -1.848,	 1.102,	 7.681,	 -0.35,	 0.878,	 -0.42,	 -2.228	 
114671,	 0.0,	 0.0,	 0.0,	 0.0,	 0.0,	 0.0,	 0.0,	 0.0,	 -0.097,	 0.375,	 -0.666,	 7.409,	 0.067,	 -0.381,	 0.176,	 -2.073	 
114671,	 0.0,	 0.0,	 0.0,	 0.0,	 0.0,	 0.0,	 0.0,	 0.0,	 -0.003,	 0.024,	 -0.187,	 6.982,	 0.08,	 -0.138,	 -0.446,	 -2.293	 
114671,	 0.0,	 0.0,	 0.0,	 0.0,	 0.0,	 0.0,	 0.0,	 0.0,	 -0.004,	 0.014,	 -0.141,	 6.788,	 -0.041,	 0.149,	 -0.432,	 -2.889	 
115392,	 0.0,	 0.0,	 0.0,	 0.0,	 0.0,	 0.0,	 0.0,	 0.0,	 0.042,	 0.0,	 -0.762,	 6.632,	 0.032,	 0.0,	 0.137,	 -3.264	 
115392,	 0.0,	 0.0,	 0.0,	 0.0,	 0.0,	 0.0,	 0.0,	 0.0,	 -0.036,	 0.15,	 -0.582,	 5.79,	 -0.033,	 0.116,	 0.276,	 -3.044	 
115392,	 0.0,	 0.0,	 0.0,	 0.0,	 0.0,	 0.0,	 0.0,	 0.0,	 0.012,	 0.021,	 -0.377,	 5.246,	 -0.011,	 -0.005,	 0.41,	 -2.604	 
115392,	 0.0,	 0.0,	 0.0,	 0.0,	 0.0,	 0.0,	 0.0,	 0.0,	 -0.011,	 0.063,	 -0.276,	 4.845,	 -0.013,	 -0.044,	 0.352,	 -2.137	 
115392,	 0.0,	 0.0,	 0.0,	 0.0,	 0.0,	 0.0,	 0.0,	 0.0,	 -0.007,	 0.025,	 -0.171,	 4.585,	 0.025,	 -0.09,	 0.191,	 -1.801	 
116111,	 0.0,	 0.0,	 0.0,	 0.0,	 0.0,	 0.0,	 0.0,	 0.0,	 -0.005,	 -0.0,	 -0.036,	 4.404,	 0.06,	 -0.0,	 -0.551,	 -1.658	 
116111,	 0.0,	 0.0,	 0.0,	 0.0,	 0.0,	 0.0,	 0.0,	 0.0,	 0.01,	 -0.018,	 -0.058,	 4.352,	 -0.053,	 0.217,	 -0.291,	 -2.215	 
116111,	 0.0,	 0.0,	 0.0,	 0.0,	 0.0,	 0.0,	 0.0,	 0.0,	 0.001,	 0.019,	 -0.057,	 4.275,	 0.018,	 0.024,	 -0.002,	 -2.345	 
116111,	 0.0,	 0.0,	 0.0,	 0.0,	 0.0,	 0.0,	 0.0,	 0.0,	 0.009,	 0.022,	 -0.007,	 4.236,	 -0.058,	 0.091,	 0.136,	 -2.28	 
116111,	 0.0,	 0.0,	 0.0,	 0.0,	 0.0,	 0.0,	 0.0,	 0.0,	 -0.015,	 0.055,	 0.085,	 4.275,	 0.033,	 -0.117,	 0.104,	 -2.085	 
116831,	 0.0,	 0.0,	 0.0,	 0.0,	 0.0,	 0.0,	 0.0,	 0.0,	 -0.048,	 0.0,	 0.285,	 4.43,	 0.054,	 0.0,	 -0.487,	 -2.073	 
116831,	 0.0,	 0.0,	 0.0,	 0.0,	 0.0,	 0.0,	 0.0,	 0.0,	 0.066,	 -0.172,	 0.078,	 4.689,	 -0.035,	 0.193,	 -0.256,	 -2.565	 
116831,	 0.0,	 0.0,	 0.0,	 0.0,	 0.0,	 0.0,	 0.0,	 0.0,	 -0.037,	 0.067,	 -0.048,	 4.65,	 -0.002,	 0.065,	 0.054,	 -2.655	 
116831,	 0.0,	 0.0,	 0.0,	 0.0,	 0.0,	 0.0,	 0.0,	 0.0,	 0.039,	 -0.068,	 -0.049,	 4.624,	 -0.039,	 0.058,	 0.202,	 -2.5	 
116831,	 0.0,	 0.0,	 0.0,	 0.0,	 0.0,	 0.0,	 0.0,	 0.0,	 -0.02,	 0.071,	 -0.046,	 4.534,	 0.023,	 -0.082,	 0.174,	 -2.241	 
117552,	 0.0,	 0.0,	 0.0,	 0.0,	 0.0,	 0.0,	 0.0,	 0.0,	 -0.035,	 0.0,	 0.245,	 4.547,	 0.031,	 0.0,	 -0.411,	 -2.111	 
117552,	 0.0,	 0.0,	 0.0,	 0.0,	 0.0,	 0.0,	 0.0,	 0.0,	 0.042,	 -0.127,	 0.092,	 4.78,	 0.003,	 0.111,	 -0.278,	 -2.552	 
117552,	 0.0,	 0.0,	 0.0,	 0.0,	 0.0,	 0.0,	 0.0,	 0.0,	 -0.013,	 0.024,	 -0.032,	 4.78,	 -0.014,	 0.123,	 0.002,	 -2.72	 
117552,	 0.0,	 0.0,	 0.0,	 0.0,	 0.0,	 0.0,	 0.0,	 0.0,	 0.017,	 -0.023,	 -0.03,	 4.754,	 -0.054,	 0.073,	 0.237,	 -2.565	 
117552,	 0.0,	 0.0,	 0.0,	 0.0,	 0.0,	 0.0,	 0.0,	 0.0,	 -0.011,	 0.039,	 -0.01,	 4.715,	 0.033,	 -0.12,	 0.182,	 -2.267	 
118278,	 0.0,	 0.0,	 0.0,	 0.0,	 0.0,	 0.0,	 0.0,	 0.0,	 -0.002,	 0.0,	 0.1,	 4.741,	 0.046,	 -0.0,	 -0.444,	 -2.163	 
118278,	 0.0,	 0.0,	 0.0,	 0.0,	 0.0,	 0.0,	 0.0,	 0.0,	 -0.012,	 -0.007,	 0.091,	 4.858,	 -0.033,	 0.164,	 -0.246,	 -2.617	 
118278,	 0.0,	 0.0,	 0.0,	 0.0,	 0.0,	 0.0,	 0.0,	 0.0,	 0.007,	 -0.052,	 0.02,	 4.935,	 0.02,	 0.045,	 0.004,	 -2.733	 
118278,	 0.0,	 0.0,	 0.0,	 0.0,	 0.0,	 0.0,	 0.0,	 0.0,	 0.023,	 -0.028,	 -0.075,	 4.896,	 -0.061,	 0.116,	 0.197,	 -2.63	 
118278,	 0.0,	 0.0,	 0.0,	 0.0,	 0.0,	 0.0,	 0.0,	 0.0,	 -0.015,	 0.054,	 -0.043,	 4.806,	 0.029,	 -0.103,	 0.212,	 -2.332	 
118997,	 0.0,	 0.0,	 0.0,	 0.0,	 0.0,	 0.0,	 0.0,	 0.0,	 -0.02,	 0.0,	 0.223,	 4.806,	 0.019,	 0.0,	 -0.309,	 -2.176	 
118997,	 0.0,	 0.0,	 0.0,	 0.0,	 0.0,	 0.0,	 0.0,	 0.0,	 0.023,	 -0.071,	 0.138,	 5.039,	 0.001,	 0.07,	 -0.225,	 -2.513	 
118997,	 0.0,	 0.0,	 0.0,	 0.0,	 0.0,	 0.0,	 0.0,	 0.0,	 -0.02,	 0.013,	 0.068,	 5.142,	 0.008,	 0.072,	 -0.055,	 -2.681	 
118997,	 0.0,	 0.0,	 0.0,	 0.0,	 0.0,	 0.0,	 0.0,	 0.0,	 0.029,	 -0.061,	 0.01,	 5.207,	 -0.048,	 0.101,	 0.153,	 -2.63	 
118997,	 0.0,	 0.0,	 0.0,	 0.0,	 0.0,	 0.0,	 0.0,	 0.0,	 -0.012,	 0.042,	 -0.012,	 5.181,	 0.02,	 -0.073,	 0.188,	 -2.383	 
119711,	 0.0,	 0.0,	 0.0,	 0.0,	 0.0,	 0.0,	 0.0,	 0.0,	 -0.024,	 0.0,	 0.175,	 5.207,	 0.021,	 0.0,	 -0.289,	 -2.228	 
119711,	 0.0,	 0.0,	 0.0,	 0.0,	 0.0,	 0.0,	 0.0,	 0.0,	 0.024,	 -0.087,	 0.071,	 5.376,	 0.002,	 0.074,	 -0.2,	 -2.539	 
119711,	 0.0,	 0.0,	 0.0,	 0.0,	 0.0,	 0.0,	 0.0,	 0.0,	 -0.003,	 -0.002,	 -0.037,	 5.376,	 0.002,	 0.081,	 -0.014,	 -2.668	 
119711,	 0.0,	 0.0,	 0.0,	 0.0,	 0.0,	 0.0,	 0.0,	 0.0,	 0.01,	 -0.012,	 -0.054,	 5.324,	 -0.047,	 0.088,	 0.189,	 -2.565	 
119711,	 0.0,	 0.0,	 0.0,	 0.0,	 0.0,	 0.0,	 0.0,	 0.0,	 -0.006,	 0.023,	 -0.04,	 5.259,	 0.023,	 -0.083,	 0.196,	 -2.293	 
120432,	 0.0,	 0.0,	 0.0,	 0.0,	 0.0,	 0.0,	 0.0,	 0.0,	 -0.021,	 0.0,	 0.224,	 5.233,	 0.029,	 0.0,	 -0.333,	 -2.137	 
120432,	 0.0,	 0.0,	 0.0,	 0.0,	 0.0,	 0.0,	 0.0,	 0.0,	 -0.0,	 -0.075,	 0.134,	 5.466,	 -0.018,	 0.105,	 -0.208,	 -2.487	 
120432,	 0.0,	 0.0,	 0.0,	 0.0,	 0.0,	 0.0,	 0.0,	 0.0,	 0.03,	 -0.077,	 -0.048,	 5.518,	 0.014,	 0.039,	 -0.035,	 -2.617	 
120432,	 0.0,	 0.0,	 0.0,	 0.0,	 0.0,	 0.0,	 0.0,	 0.0,	 0.008,	 0.031,	 -0.103,	 5.402,	 -0.059,	 0.088,	 0.119,	 -2.578	 
120432,	 0.0,	 0.0,	 0.0,	 0.0,	 0.0,	 0.0,	 0.0,	 0.0,	 -0.017,	 0.06,	 0.006,	 5.337,	 0.034,	 -0.123,	 0.077,	 -2.409	 
121152,	 0.0,	 0.0,	 0.0,	 0.0,	 0.0,	 0.0,	 0.0,	 0.0,	 -0.021,	 0.0,	 0.127,	 5.402,	 0.059,	 0.0,	 -0.409,	 -2.435	 
121152,	 0.0,	 0.0,	 0.0,	 0.0,	 0.0,	 0.0,	 0.0,	 0.0,	 0.02,	 -0.074,	 0.038,	 5.518,	 -0.039,	 0.212,	 -0.154,	 -2.824	 
121152,	 0.0,	 0.0,	 0.0,	 0.0,	 0.0,	 0.0,	 0.0,	 0.0,	 -0.001,	 -0.001,	 -0.052,	 5.492,	 -0.022,	 0.07,	 0.184,	 -2.772	 
121152,	 0.0,	 0.0,	 0.0,	 0.0,	 0.0,	 0.0,	 0.0,	 0.0,	 0.027,	 -0.003,	 -0.057,	 5.427,	 -0.031,	 -0.008,	 0.259,	 -2.487	 
121152,	 0.0,	 0.0,	 0.0,	 0.0,	 0.0,	 0.0,	 0.0,	 0.0,	 -0.026,	 0.095,	 0.053,	 5.402,	 0.033,	 -0.119,	 0.106,	 -2.241	 
